[gd_scene load_steps=6 format=3 uid="uid://dunj53fj6gwbx"]

[ext_resource type="Script" uid="uid://cvrdhb07bkufv" path="res://player.gd" id="1_xhfnw"]

[sub_resource type="CapsuleMesh" id="CapsuleMesh_0rwas"]

[sub_resource type="StandardMaterial3D" id="StandardMaterial3D_xhfnw"]
albedo_color = Color(0.41960785, 1, 1, 1)

[sub_resource type="CapsuleShape3D" id="CapsuleShape3D_kpjcp"]

[sub_resource type="BoxShape3D" id="BoxShape3D_kne1u"]
size = Vector3(1, 2, 1.8867188)

[node name="Player" type="CharacterBody3D"]
collision_layer = 4
script = ExtResource("1_xhfnw")

[node name="MeshInstance3D" type="MeshInstance3D" parent="."]
mesh = SubResource("CapsuleMesh_0rwas")
surface_material_override/0 = SubResource("StandardMaterial3D_xhfnw")

[node name="CollisionShape3D" type="CollisionShape3D" parent="."]
shape = SubResource("CapsuleShape3D_kpjcp")

[node name="BallDetectionArea" type="Area3D" parent="."]
collision_mask = 2

[node name="CollisionShape3D" type="CollisionShape3D" parent="BallDetectionArea"]
transform = Transform3D(1, 0, 0, 0, 1, 0, 0, 0, 1, 0, 0, -0.44335938)
shape = SubResource("BoxShape3D_kne1u")

[node name="CameraPivot" type="Node3D" parent="."]
transform = Transform3D(1, 0, 0, 0, 0.91019994, 0.41416907, 0, -0.41416907, 0.91019994, 0.5116082, 1.3184047, 1.5202258)

[node name="SpringArm3D" type="SpringArm3D" parent="CameraPivot"]
transform = Transform3D(1, 0, 0, 0, 0.9882611, -0.15277903, 0, 0.15277903, 0.9882611, 0.70980555, -0.44615865, -0.04680419)

[node name="Camera3D" type="Camera3D" parent="CameraPivot/SpringArm3D"]
transform = Transform3D(1, 0, 0, 0, 0.9899252, -0.14159244, 0, 0.14159244, 0.9899252, 0, 0, 0)

[node name="DribblePoint" type="Node3D" parent="."]
transform = Transform3D(1, 0, 0, 0, 1, 0, 0, 0, 1, 0, -0.5474071, -1.1387451)

[connection signal="body_entered" from="BallDetectionArea" to="." method="entered"]
